"Weight.lbs" "Height.ins" "Sex" "Freq"
"1" 110 59 1 0
"2" 120 59 1 0
"3" 130 59 1 0
"4" 140 59 1 0
"5" 150 59 1 0
"6" 160 59 1 0
"7" 170 59 1 0
"8" 180 59 1 0
"9" 190 59 1 0
"10" 200 59 1 0
"11" 210 59 1 0
"12" 220 59 1 0
"13" 230 59 1 0
"14" 240 59 1 0
"15" 250 59 1 0
"16" 260 59 1 0
"17" 270 59 1 0
"18" 280 59 1 0
"19" 290 59 1 0
"20" 300 59 1 0
"21" 110 60 1 0
"22" 120 60 1 0
"23" 130 60 1 0
"24" 140 60 1 0
"25" 150 60 1 0
"26" 160 60 1 0
"27" 170 60 1 0
"28" 180 60 1 0
"29" 190 60 1 0
"30" 200 60 1 0
"31" 210 60 1 0
"32" 220 60 1 0
"33" 230 60 1 0
"34" 240 60 1 0
"35" 250 60 1 0
"36" 260 60 1 0
"37" 270 60 1 0
"38" 280 60 1 0
"39" 290 60 1 0
"40" 300 60 1 0
"41" 110 61 1 0
"42" 120 61 1 0
"43" 130 61 1 0
"44" 140 61 1 0
"45" 150 61 1 0
"46" 160 61 1 0
"47" 170 61 1 0
"48" 180 61 1 0
"49" 190 61 1 0
"50" 200 61 1 0
"51" 210 61 1 0
"52" 220 61 1 0
"53" 230 61 1 0
"54" 240 61 1 0
"55" 250 61 1 0
"56" 260 61 1 0
"57" 270 61 1 0
"58" 280 61 1 0
"59" 290 61 1 0
"60" 300 61 1 0
"61" 110 62 1 0
"62" 120 62 1 0
"63" 130 62 1 0
"64" 140 62 1 0
"65" 150 62 1 0
"66" 160 62 1 0
"67" 170 62 1 0
"68" 180 62 1 0
"69" 190 62 1 0
"70" 200 62 1 0
"71" 210 62 1 0
"72" 220 62 1 0
"73" 230 62 1 0
"74" 240 62 1 0
"75" 250 62 1 0
"76" 260 62 1 0
"77" 270 62 1 0
"78" 280 62 1 0
"79" 290 62 1 0
"80" 300 62 1 0
"81" 110 63 1 0
"82" 120 63 1 0
"83" 130 63 1 37
"84" 140 63 1 86
"85" 150 63 1 105
"86" 160 63 1 101
"87" 170 63 1 79
"88" 180 63 1 77
"89" 190 63 1 44
"90" 200 63 1 34
"91" 210 63 1 13
"92" 220 63 1 17
"93" 230 63 1 14
"94" 240 63 1 8
"95" 250 63 1 5
"96" 260 63 1 7
"97" 270 63 1 5
"98" 280 63 1 0
"99" 290 63 1 1
"100" 300 63 1 0
"101" 110 64 1 0
"102" 120 64 1 0
"103" 130 64 1 90
"104" 140 64 1 210
"105" 150 64 1 196
"106" 160 64 1 226
"107" 170 64 1 156
"108" 180 64 1 160
"109" 190 64 1 107
"110" 200 64 1 70
"111" 210 64 1 34
"112" 220 64 1 50
"113" 230 64 1 20
"114" 240 64 1 17
"115" 250 64 1 7
"116" 260 64 1 9
"117" 270 64 1 1
"118" 280 64 1 2
"119" 290 64 1 0
"120" 300 64 1 0
"121" 110 65 1 0
"122" 120 65 1 0
"123" 130 65 1 105
"124" 140 65 1 255
"125" 150 65 1 339
"126" 160 65 1 357
"127" 170 65 1 315
"128" 180 65 1 298
"129" 190 65 1 159
"130" 200 65 1 148
"131" 210 65 1 87
"132" 220 65 1 57
"133" 230 65 1 44
"134" 240 65 1 48
"135" 250 65 1 22
"136" 260 65 1 14
"137" 270 65 1 18
"138" 280 65 1 7
"139" 290 65 1 6
"140" 300 65 1 1
"141" 110 66 1 0
"142" 120 66 1 0
"143" 130 66 1 141
"144" 140 66 1 392
"145" 150 66 1 531
"146" 160 66 1 594
"147" 170 66 1 642
"148" 180 66 1 652
"149" 190 66 1 460
"150" 200 66 1 339
"151" 210 66 1 166
"152" 220 66 1 166
"153" 230 66 1 125
"154" 240 66 1 74
"155" 250 66 1 63
"156" 260 66 1 31
"157" 270 66 1 28
"158" 280 66 1 14
"159" 290 66 1 16
"160" 300 66 1 4
"161" 110 67 1 0
"162" 120 67 1 0
"163" 130 67 1 126
"164" 140 67 1 347
"165" 150 67 1 572
"166" 160 67 1 731
"167" 170 67 1 775
"168" 180 67 1 767
"169" 190 67 1 614
"170" 200 67 1 491
"171" 210 67 1 293
"172" 220 67 1 272
"173" 230 67 1 180
"174" 240 67 1 143
"175" 250 67 1 102
"176" 260 67 1 55
"177" 270 67 1 33
"178" 280 67 1 32
"179" 290 67 1 27
"180" 300 67 1 8
"181" 110 68 1 0
"182" 120 68 1 0
"183" 130 68 1 94
"184" 140 68 1 307
"185" 150 68 1 578
"186" 160 68 1 766
"187" 170 68 1 1012
"188" 180 68 1 962
"189" 190 68 1 827
"190" 200 68 1 702
"191" 210 68 1 441
"192" 220 68 1 385
"193" 230 68 1 246
"194" 240 68 1 175
"195" 250 68 1 126
"196" 260 68 1 79
"197" 270 68 1 60
"198" 280 68 1 51
"199" 290 68 1 26
"200" 300 68 1 16
"201" 110 69 1 0
"202" 120 69 1 0
"203" 130 69 1 75
"204" 140 69 1 268
"205" 150 69 1 496
"206" 160 69 1 716
"207" 170 69 1 978
"208" 180 69 1 1150
"209" 190 69 1 999
"210" 200 69 1 773
"211" 210 69 1 500
"212" 220 69 1 445
"213" 230 69 1 380
"214" 240 69 1 284
"215" 250 69 1 186
"216" 260 69 1 132
"217" 270 69 1 93
"218" 280 69 1 70
"219" 290 69 1 49
"220" 300 69 1 20
"221" 110 70 1 0
"222" 120 70 1 0
"223" 130 70 1 58
"224" 140 70 1 239
"225" 150 70 1 469
"226" 160 70 1 698
"227" 170 70 1 1064
"228" 180 70 1 1251
"229" 190 70 1 1197
"230" 200 70 1 1038
"231" 210 70 1 646
"232" 220 70 1 666
"233" 230 70 1 506
"234" 240 70 1 381
"235" 250 70 1 259
"236" 260 70 1 188
"237" 270 70 1 126
"238" 280 70 1 113
"239" 290 70 1 75
"240" 300 70 1 30
"241" 110 71 1 0
"242" 120 71 1 0
"243" 130 71 1 43
"244" 140 71 1 132
"245" 150 71 1 315
"246" 160 71 1 508
"247" 170 71 1 761
"248" 180 71 1 1014
"249" 190 71 1 1040
"250" 200 71 1 923
"251" 210 71 1 667
"252" 220 71 1 660
"253" 230 71 1 481
"254" 240 71 1 390
"255" 250 71 1 289
"256" 260 71 1 201
"257" 270 71 1 138
"258" 280 71 1 121
"259" 290 71 1 78
"260" 300 71 1 34
"261" 110 72 1 0
"262" 120 72 1 0
"263" 130 72 1 30
"264" 140 72 1 93
"265" 150 72 1 239
"266" 160 72 1 403
"267" 170 72 1 647
"268" 180 72 1 926
"269" 190 72 1 964
"270" 200 72 1 1011
"271" 210 72 1 711
"272" 220 72 1 763
"273" 230 72 1 608
"274" 240 72 1 469
"275" 250 72 1 385
"276" 260 72 1 251
"277" 270 72 1 183
"278" 280 72 1 173
"279" 290 72 1 102
"280" 300 72 1 41
"281" 110 73 1 0
"282" 120 73 1 0
"283" 130 73 1 10
"284" 140 73 1 36
"285" 150 73 1 93
"286" 160 73 1 161
"287" 170 73 1 270
"288" 180 73 1 401
"289" 190 73 1 563
"290" 200 73 1 544
"291" 210 73 1 421
"292" 220 73 1 441
"293" 230 73 1 409
"294" 240 73 1 303
"295" 250 73 1 239
"296" 260 73 1 158
"297" 270 73 1 117
"298" 280 73 1 121
"299" 290 73 1 77
"300" 300 73 1 29
"301" 110 74 1 0
"302" 120 74 1 0
"303" 130 74 1 1
"304" 140 74 1 29
"305" 150 74 1 65
"306" 160 74 1 100
"307" 170 74 1 193
"308" 180 74 1 318
"309" 190 74 1 370
"310" 200 74 1 459
"311" 210 74 1 362
"312" 220 74 1 428
"313" 230 74 1 348
"314" 240 74 1 296
"315" 250 74 1 247
"316" 260 74 1 155
"317" 270 74 1 131
"318" 280 74 1 118
"319" 290 74 1 67
"320" 300 74 1 29
"321" 110 75 1 0
"322" 120 75 1 0
"323" 130 75 1 3
"324" 140 75 1 8
"325" 150 75 1 30
"326" 160 75 1 43
"327" 170 75 1 72
"328" 180 75 1 130
"329" 190 75 1 160
"330" 200 75 1 198
"331" 210 75 1 159
"332" 220 75 1 210
"333" 230 75 1 180
"334" 240 75 1 158
"335" 250 75 1 158
"336" 260 75 1 87
"337" 270 75 1 82
"338" 280 75 1 86
"339" 290 75 1 58
"340" 300 75 1 14
"341" 110 59 2 227
"342" 120 59 2 273
"343" 130 59 2 293
"344" 140 59 2 256
"345" 150 59 2 226
"346" 160 59 2 172
"347" 170 59 2 133
"348" 180 59 2 81
"349" 190 59 2 65
"350" 200 59 2 59
"351" 210 59 2 35
"352" 220 59 2 19
"353" 230 59 2 16
"354" 240 59 2 14
"355" 250 59 2 12
"356" 260 59 2 5
"357" 270 59 2 5
"358" 280 59 2 1
"359" 290 59 2 0
"360" 300 59 2 0
"361" 110 60 2 428
"362" 120 60 2 615
"363" 130 60 2 695
"364" 140 60 2 669
"365" 150 60 2 526
"366" 160 60 2 457
"367" 170 60 2 345
"368" 180 60 2 310
"369" 190 60 2 189
"370" 200 60 2 149
"371" 210 60 2 59
"372" 220 60 2 74
"373" 230 60 2 52
"374" 240 60 2 36
"375" 250 60 2 37
"376" 260 60 2 14
"377" 270 60 2 8
"378" 280 60 2 2
"379" 290 60 2 0
"380" 300 60 2 0
"381" 110 61 2 383
"382" 120 61 2 681
"383" 130 61 2 706
"384" 140 61 2 721
"385" 150 61 2 671
"386" 160 61 2 536
"387" 170 61 2 420
"388" 180 61 2 362
"389" 190 61 2 223
"390" 200 61 2 208
"391" 210 61 2 97
"392" 220 61 2 106
"393" 230 61 2 75
"394" 240 61 2 58
"395" 250 61 2 53
"396" 260 61 2 24
"397" 270 61 2 21
"398" 280 61 2 2
"399" 290 61 2 0
"400" 300 61 2 0
"401" 110 62 2 545
"402" 120 62 2 1028
"403" 130 62 2 1391
"404" 140 62 2 1393
"405" 150 62 2 1230
"406" 160 62 2 973
"407" 170 62 2 793
"408" 180 62 2 797
"409" 190 62 2 475
"410" 200 62 2 424
"411" 210 62 2 218
"412" 220 62 2 202
"413" 230 62 2 133
"414" 240 62 2 114
"415" 250 62 2 98
"416" 260 62 2 55
"417" 270 62 2 29
"418" 280 62 2 7
"419" 290 62 2 0
"420" 300 62 2 0
"421" 110 63 2 436
"422" 120 63 2 914
"423" 130 63 2 1197
"424" 140 63 2 1311
"425" 150 63 2 1210
"426" 160 63 2 1030
"427" 170 63 2 862
"428" 180 63 2 750
"429" 190 63 2 542
"430" 200 63 2 464
"431" 210 63 2 248
"432" 220 63 2 257
"433" 230 63 2 184
"434" 240 63 2 143
"435" 250 63 2 124
"436" 260 63 2 69
"437" 270 63 2 53
"438" 280 63 2 9
"439" 290 63 2 0
"440" 300 63 2 0
"441" 110 64 2 353
"442" 120 64 2 948
"443" 130 64 2 1375
"444" 140 64 2 1526
"445" 150 64 2 1429
"446" 160 64 2 1207
"447" 170 64 2 1066
"448" 180 64 2 996
"449" 190 64 2 713
"450" 200 64 2 592
"451" 210 64 2 332
"452" 220 64 2 356
"453" 230 64 2 267
"454" 240 64 2 179
"455" 250 64 2 160
"456" 260 64 2 113
"457" 270 64 2 55
"458" 280 64 2 13
"459" 290 64 2 0
"460" 300 64 2 0
"461" 110 65 2 189
"462" 120 65 2 580
"463" 130 65 2 1017
"464" 140 65 2 1139
"465" 150 65 2 1130
"466" 160 65 2 937
"467" 170 65 2 872
"468" 180 65 2 882
"469" 190 65 2 537
"470" 200 65 2 582
"471" 210 65 2 310
"472" 220 65 2 313
"473" 230 65 2 240
"474" 240 65 2 166
"475" 250 65 2 151
"476" 260 65 2 84
"477" 270 65 2 55
"478" 280 65 2 10
"479" 290 65 2 0
"480" 300 65 2 0
"481" 110 66 2 138
"482" 120 66 2 407
"483" 130 66 2 914
"484" 140 66 2 1083
"485" 150 66 2 1138
"486" 160 66 2 978
"487" 170 66 2 857
"488" 180 66 2 911
"489" 190 66 2 610
"490" 200 66 2 592
"491" 210 66 2 311
"492" 220 66 2 318
"493" 230 66 2 263
"494" 240 66 2 219
"495" 250 66 2 186
"496" 260 66 2 108
"497" 270 66 2 87
"498" 280 66 2 9
"499" 290 66 2 0
"500" 300 66 2 0
"501" 110 67 2 81
"502" 120 67 2 245
"503" 130 67 2 576
"504" 140 67 2 789
"505" 150 67 2 834
"506" 160 67 2 734
"507" 170 67 2 651
"508" 180 67 2 619
"509" 190 67 2 426
"510" 200 67 2 469
"511" 210 67 2 247
"512" 220 67 2 262
"513" 230 67 2 234
"514" 240 67 2 162
"515" 250 67 2 173
"516" 260 67 2 83
"517" 270 67 2 70
"518" 280 67 2 7
"519" 290 67 2 0
"520" 300 67 2 0
"521" 110 68 2 30
"522" 120 68 2 102
"523" 130 68 2 264
"524" 140 68 2 416
"525" 150 68 2 496
"526" 160 68 2 453
"527" 170 68 2 395
"528" 180 68 2 363
"529" 190 68 2 305
"530" 200 68 2 319
"531" 210 68 2 152
"532" 220 68 2 176
"533" 230 68 2 133
"534" 240 68 2 98
"535" 250 68 2 104
"536" 260 68 2 58
"537" 270 68 2 46
"538" 280 68 2 10
"539" 290 68 2 0
"540" 300 68 2 0
"541" 110 69 2 6
"542" 120 69 2 49
"543" 130 69 2 111
"544" 140 69 2 243
"545" 150 69 2 283
"546" 160 69 2 274
"547" 170 69 2 248
"548" 180 69 2 252
"549" 190 69 2 178
"550" 200 69 2 169
"551" 210 69 2 112
"552" 220 69 2 105
"553" 230 69 2 106
"554" 240 69 2 83
"555" 250 69 2 64
"556" 260 69 2 35
"557" 270 69 2 32
"558" 280 69 2 5
"559" 290 69 2 0
"560" 300 69 2 0
"561" 110 70 2 5
"562" 120 70 2 9
"563" 130 70 2 55
"564" 140 70 2 103
"565" 150 70 2 152
"566" 160 70 2 120
"567" 170 70 2 143
"568" 180 70 2 142
"569" 190 70 2 114
"570" 200 70 2 105
"571" 210 70 2 54
"572" 220 70 2 68
"573" 230 70 2 53
"574" 240 70 2 41
"575" 250 70 2 35
"576" 260 70 2 22
"577" 270 70 2 19
"578" 280 70 2 5
"579" 290 70 2 0
"580" 300 70 2 0
"581" 110 71 2 0
"582" 120 71 2 0
"583" 130 71 2 0
"584" 140 71 2 0
"585" 150 71 2 0
"586" 160 71 2 0
"587" 170 71 2 0
"588" 180 71 2 0
"589" 190 71 2 0
"590" 200 71 2 0
"591" 210 71 2 0
"592" 220 71 2 0
"593" 230 71 2 0
"594" 240 71 2 0
"595" 250 71 2 0
"596" 260 71 2 0
"597" 270 71 2 0
"598" 280 71 2 0
"599" 290 71 2 0
"600" 300 71 2 0
"601" 110 72 2 0
"602" 120 72 2 0
"603" 130 72 2 0
"604" 140 72 2 0
"605" 150 72 2 0
"606" 160 72 2 0
"607" 170 72 2 0
"608" 180 72 2 0
"609" 190 72 2 0
"610" 200 72 2 0
"611" 210 72 2 0
"612" 220 72 2 0
"613" 230 72 2 0
"614" 240 72 2 0
"615" 250 72 2 0
"616" 260 72 2 0
"617" 270 72 2 0
"618" 280 72 2 0
"619" 290 72 2 0
"620" 300 72 2 0
"621" 110 73 2 0
"622" 120 73 2 0
"623" 130 73 2 0
"624" 140 73 2 0
"625" 150 73 2 0
"626" 160 73 2 0
"627" 170 73 2 0
"628" 180 73 2 0
"629" 190 73 2 0
"630" 200 73 2 0
"631" 210 73 2 0
"632" 220 73 2 0
"633" 230 73 2 0
"634" 240 73 2 0
"635" 250 73 2 0
"636" 260 73 2 0
"637" 270 73 2 0
"638" 280 73 2 0
"639" 290 73 2 0
"640" 300 73 2 0
"641" 110 74 2 0
"642" 120 74 2 0
"643" 130 74 2 0
"644" 140 74 2 0
"645" 150 74 2 0
"646" 160 74 2 0
"647" 170 74 2 0
"648" 180 74 2 0
"649" 190 74 2 0
"650" 200 74 2 0
"651" 210 74 2 0
"652" 220 74 2 0
"653" 230 74 2 0
"654" 240 74 2 0
"655" 250 74 2 0
"656" 260 74 2 0
"657" 270 74 2 0
"658" 280 74 2 0
"659" 290 74 2 0
"660" 300 74 2 0
"661" 110 75 2 0
"662" 120 75 2 0
"663" 130 75 2 0
"664" 140 75 2 0
"665" 150 75 2 0
"666" 160 75 2 0
"667" 170 75 2 0
"668" 180 75 2 0
"669" 190 75 2 0
"670" 200 75 2 0
"671" 210 75 2 0
"672" 220 75 2 0
"673" 230 75 2 0
"674" 240 75 2 0
"675" 250 75 2 0
"676" 260 75 2 0
"677" 270 75 2 0
"678" 280 75 2 0
"679" 290 75 2 0
"680" 300 75 2 0
